0 0.6003844246031745 0.39959514170040483 0.314484126984127 0.17732793522267207
0 0.7943328373015873 0.2668016194331984 0.13690476190476192 0.15141700404858302
0 0.6212177579365079 0.248582995951417 0.12202380952380952 0.05506072874493927
0 0.5577256944444444 0.15546558704453442 0.21924603174603174 0.11336032388663968
0 0.43322172619047616 0.06477732793522267 0.11706349206349206 0.10040485829959515
0 0.4034598214285714 0.13724696356275304 0.057539682539682536 0.042914979757085026
0 0.3875868055555555 0.42469635627530367 0.07936507936507936 0.059109311740890694
0 0.5180431547619048 0.5469635627530365 0.0744047619047619 0.05101214574898785
0 0.5850074404761905 0.5910931174089069 0.09722222222222222 0.09068825910931175
0 0.35088045634920634 0.7655870445344131 0.07539682539682539 0.062348178137651825
0 0.4049479166666667 0.7242914979757086 0.10813492063492064 0.11902834008097167
0 0.3052455357142857 0.6748987854251013 0.07738095238095238 0.07692307692307693
0 0.3181423611111111 0.8611336032388665 0.06944444444444445 0.042914979757085026
0 0.6013764880952381 0.7878542510121458 0.05654761904761905 0.05991902834008097
0 0.7452256944444445 0.8319838056680162 0.05257936507936508 0.06396761133603239
0 0.8900669642857143 0.8433198380566802 0.19543650793650794 0.14008097165991903
0 0.9352058531746033 0.7080971659919029 0.06349206349206349 0.052631578947368425
0 0.8895709325396824 0.6097165991902834 0.11904761904761904 0.07287449392712551
0 0.8394717261904762 0.40040485829959516 0.10416666666666666 0.08663967611336033
0 0.580047123015873 0.8485829959514172 0.2698412698412699 0.19433198380566805
0 0.8330233134920635 0.7048582995951418 0.1626984126984127 0.248582995951417
0 0.16437251984126985 0.5854251012145749 0.22420634920634921 0.12631578947368421
0 0.1931423611111111 0.7465587044534414 0.2361111111111111 0.13927125506072874
0 0.29135664682539686 0.5360323886639676 0.2619047619047619 0.15708502024291499
0 0.1584201388888889 0.37692307692307697 0.1130952380952381 0.08663967611336033
0 0.20306299603174602 0.23765182186234818 0.20833333333333331 0.1902834008097166
0 0.3181423611111111 0.2789473684210526 0.1884920634920635 0.15789473684210528
